getgenv().DefaultConfig = {
    MovementSettings = {
        PlayerWalkspeed = 33, -- Player Movement Speed
        TpIterations = 35, -- Amount Of Times To Fire Teleports To A Position (Increase If Your Laggier)
        TpLongDistances = true, -- Teleport Long Distances Instead Of Walking
    },
    MapSettings = {
        WallTransparency = 0.85,
        WallColor = "255, 255, 255",
    },
    DisableRendering = false, -- Disable 3D Rendering
    OptimiseMap = false, -- Low Quality Map And Mobs
    CastingSettings = {
        Mage = true, -- Must Use 2 Chain Lightnings
        Warrior = false, -- Must Use 2 Ground Stomps
    },
    AutoCreate = true, -- Auto Join Dungeon When Executing In Lobby
    AutoCreateSettings = {
        DungeonToSelect = "Abyssal Void", -- Dungeon To Auto Join
        Difficulty = "Nightmare", -- Dungeon Difficulty To Choose
        RaidTier = 1, -- Raid Tier To Choose
        Hardcore = true, -- Dungeon Mode To Choose
        BonusBoss = true, -- Complete Dungeon Bonus Boss
    },
    Webhooking = {
        Enabled = false, -- Webhook Status Notifications
        Url = "", -- Webhook URL
    },
    PortraitSettings = {
        Image = "rbxassetid://77230895534953", -- Portrait Image
        Name = "Seraph V3", -- Portrait Name
    },
    AutoSell = true, -- Enable Auto Sell When Executing
    KeepRings = true, -- Keep Rings When Auto Selling
    KeepItemList = { -- Items To Keep When Auto Selling
        ["Ground Stomp"] = {"epic"},
        ["Chain Lightning"] = {"epic"},
        ["Unstable Warp"] = {"legendary"},
        ["Gravity Leap"] = {"legendary"},
        ["Voidborn's Embrace"] = {"legendary"},
        ["Voidborn's Malice"] = {"legendary"},
        ["Voidborn Mage Helmet"] = {"rare", "epic"},
        ["Voidborn Warrior Helmet"] = {"rare", "epic"},
        ["Voidborn Mage Armor"] = {"rare", "epic"},
        ["Voidborn Warrior Armor"] = {"rare", "epic"},
        ["Voidborn Guardian Armor"] = {"rare", "epic"},
        ["Voidborn Guardian Helmet"] = {"rare", "epic"},
        ["Akuma Guardian Armor"] = {"rare", "epic"},
        ["Voidfallen's Effigy & Edict"] = {"ultimate"},
        ["Voidspire & Abyssal Veil"] = {"ultimate"},
        ["Laevateinn"] = {"ultimate"},
        ["Laevateinn"] = {"ultimate"},
        ["Glorious Guardian Armor"] = {"rare", "epic"},
        ["Gildenscale Oath And Aegis"] = {"legendary"},
        ["Red Knight Helmet"] = {"epic"},
        ["Triton Guardian Armor"] = {"rare", "epic"},
        ["Enhanced Inner Rage"] = {"legendary"},
        ["Ice King's Guardian Armor"] = {"rare", "epic"},
        ["Mythical Mage Helmet"] = {"rare", "epic"},
        ["Eldenbark Mage Helmet"] = {"rare", "epic"},
        ["Overlord's Mage Helmet"] = {"rare", "epic"},
        ["War-forged Guardian Helmet"] = {"rare", "epic"},
        ["Gildenscale Warrior Helmet"] = {"rare", "epic"},
        ["Overlord's Warrior Helmet"] = {"rare", "epic"},
        ["Ancestral Mage Armor"] = {"rare", "epic"},
        ["Dual Godforged Blades"] = {"legendary"},
        ["Eldenbark Guardian Helmet"] = {"rare", "epic"},
        ["Inventor's Guardian Armor"] = {"rare", "epic"},
        ["Eldenbark Greatsword"] = {"legendary"},
        ["Hextech Overloaded Staff"] = {"legendary"},
        ["Triton Mage Armor"] = {"rare", "epic"},
        ["Beastmaster War Scythe"] = {"legendary"},
        ["Triton Guardian Helmet"] = {"rare", "epic"},
        ["Titan-forged Warrior Helmet"] = {"rare", "epic"},
        ["Mythical Warrior Helmet"] = {"rare", "epic"},
        ["Glorious Mage Helmet"] = {"rare", "epic"},
        ["Red Knight Armor"] = {"epic"},
        ["Valhalla Warrior Armor"] = {"rare", "epic"},
        ["Titan-forged Warrior Armor"] = {"rare", "epic"},
        ["Inventor's Warrior Armor"] = {"rare", "epic"},
        ["Nature Warrior Helmet"] = {"rare", "epic"},
        ["Ice King's Warrior Armor"] = {"rare", "epic"},
        ["Heavenly Warrior Armor"] = {"rare", "epic"},
        ["Mythical Warrior Armor"] = {"rare", "epic"},
        ["Heavenly Mage Armor"] = {"rare", "epic"},
        ["War-forged Warrior Helmet"] = {"rare", "epic"},
        ["Dual Phoenix Daggers"] = {"legendary"},
        ["Nature Warrior Armor"] = {"rare", "epic"},
        ["Gildenscale Guardian Armor"] = {"rare", "epic"},
        ["Glorious Warrior Helmet"] = {"rare", "epic"},
        ["Nature Mage Armor"] = {"rare", "epic"},
        ["Overlord's Warrior Armor"] = {"rare", "epic"},
        ["Soulstealer Greatsword"] = {"legendary"},
        ["Mythical Guardian Armor"] = {"rare", "epic"},
        ["Gildenscale Mage Armor"] = {"rare", "epic"},
        ["Alien Warrior Helmet"] = {"rare", "epic"},
        ["Nature Mage Helmet"] = {"rare", "epic"},
        ["Lava King's Spell Daggers"] = {"legendary"},
        ["Godly Guardian Armor"] = {"rare", "epic"},
        ["Titan-forged Guardian Armor"] = {"rare", "epic"},
        ["Valhalla Mage Armor"] = {"rare", "epic"},
        ["Dual Bioforged Drills"] = {"legendary"},
        ["Ice King's Warrior Helmet"] = {"rare", "epic"},
        ["Hofund"] = {"ultimate"},
        ["Godly Warrior Armor"] = {"rare", "epic"},
        ["Eldenbark Greatstaff"] = {"legendary"},
        ["Sakura Katana"] = {"legendary"},
        ["Godly Guardian Helmet"] = {"rare", "epic"},
        ["Sea King's Trident"] = {"legendary"},
        ["Mjolnir"] = {"legendary"},
        ["Inventor's Mage Helmet"] = {"rare", "epic"},
        ["Twisted Wood Greatsword"] = {"legendary"},
        ["Lava King's Warrior Armor"] = {"rare", "epic"},
        ["Mythical Mage Armor"] = {"rare", "epic"},
        ["Phoenix Greatstaff"] = {"legendary"},
        ["Sakura Greatstaff"] = {"legendary"},
        ["Crystalized Greatsword"] = {"legendary"},
        ["Galactic Pike"] = {"legendary"},
        ["Glorious Warrior Armor"] = {"rare", "epic"},
        ["Ice King's Mage Helmet"] = {"rare", "epic"},
        ["Ancestral Warrior Armor"] = {"rare", "epic"},
        ["Akuma Guardian Helmet"] = {"rare", "epic"},
        ["Azerite Greatstaff"] = {"common", "uncommon", "rare", "epic"},
        ["Titan-forged Guardian Helmet"] = {"rare", "epic"},
        ["Guardian Armor"] = {"epic"},
        ["Valhalla Guardian Armor"] = {"rare", "epic"},
        ["Godly Mage Helmet"] = {"rare", "epic"},
        ["Alien Mage Armor"] = {"rare", "epic"},
        ["Mythical Guardian Helmet"] = {"rare", "epic"},
        ["Akuma Mage Cloak"] = {"rare", "epic"},
        ["Sea Serpent's Wings"] = {"legendary"},
        ["Ancestral Mage Helmet"] = {"rare", "epic"},
        ["War-forged Mage Armor"] = {"rare", "epic"},
        ["Inventor's Greatsword"] = {"legendary"},
        ["Godly Mage Armor"] = {"rare", "epic"},
        ["Beastmaster Spell Scythe"] = {"legendary"},
        ["Guardian Helmet"] = {"epic"},
        ["Lava King's Guardian Armor"] = {"rare", "epic"},
        ["Eldenbark Mage Armor"] = {"rare", "epic"},
        ["Nature Guardian Armor"] = {"rare", "epic"},
        ["Overlord's Manablade"] = {"legendary"},
        ["Lava King's Guardian Helmet"] = {"rare", "epic"},
        ["Ancestral Warrior Helmet"] = {"rare", "epic"},
        ["Gungnir"] = {"legendary"},
        ["Godly Warrior Helmet"] = {"rare", "epic"},
        ["Titan-forged Mage Armor"] = {"rare", "epic"},
        ["Akuma Warrior Armor"] = {"rare", "epic"},
        ["Templar Hood"] = {"epic"},
        ["Valhalla Guardian Helmet"] = {"rare", "epic"},
        ["Gildenscale Warrior Armor"] = {"rare", "epic"},
        ["Inventor's Mage Armor"] = {"rare", "epic"},
        ["Sea King's Greatstaff"] = {"legendary"},
        ["Inventor's Warrior Helmet"] = {"rare", "epic"},
        ["Staff of the Gods"] = {"legendary"},
        ["Eldenbark Warrior Helmet"] = {"rare", "epic"},
        ["Heavenly Mage Helmet"] = {"rare", "epic"},
        ["Overlord's Guardian Helmet"] = {"rare", "epic"},
        ["Triton Warrior Armor"] = {"rare", "epic"},
        ["Heavenly Guardian Helmet"] = {"rare", "epic"},
        ["Godforged Greatstaff"] = {"legendary"},
        ["Heavenly Warrior Helmet"] = {"rare", "epic"},
        ["Eldenbark Warrior Armor"] = {"rare", "epic"},
        ["Glorious Guardian Helmet"] = {"rare", "epic"},
        ["Daybreak And Gildensong"] = {"legendary"},
        ["War-forged Mage Helmet"] = {"rare", "epic"},
        ["Inventor's Spellblade"] = {"legendary"},
        ["Glorious Mage Armor"] = {"rare", "epic"},
        ["Lava King's Warscythe"] = {"legendary"},
        ["Inventor's Guardian Helmet"] = {"rare", "epic"},
        ["Lava King's Mage Helmet"] = {"rare", "epic"},
        ["Kraken Slayer"] = {"legendary"},
        ["Lava King's Warrior Helmet"] = {"rare", "epic"},
        ["Twisted Wood Greatstaff"] = {"legendary"},
        ["Alien Guardian Armor"] = {"rare", "epic"},
        ["Gildenscale Mage Helmet"] = {"rare", "epic"},
        ["Valhalla Mage Helmet"] = {"rare", "epic"},
        ["Alien Warrior Armor"] = {"rare", "epic"},
        ["Akuma's Wraithbringer"] = {"legendary"},
        ["War-forged Guardian Armor"] = {"rare", "epic"},
        ["Ancestral Guardian Armor"] = {"rare", "epic"},
        ["War-forged Warrior Armor"] = {"rare", "epic"},
        ["Nature Guardian Helmet"] = {"rare", "epic"},
        ["Titan-forged Mage Helmet"] = {"rare", "epic"},
        ["Ancestral Guardian Helmet"] = {"rare", "epic"},
        ["Akuma's Soulreaver"] = {"legendary"},
        ["Triton Warrior Helmet"] = {"rare", "epic"},
        ["Alien Guardian Helmet"] = {"rare", "epic"},
        ["Lava King's Mage Armor"] = {"rare", "epic"},
        ["Enhanced Inner Focus"] = {"legendary"},
        ["Triton Mage Helmet"] = {"rare", "epic"},
        ["Heavenly Guardian Armor"] = {"rare", "epic"},
        ["Overlord's Mage Armor"] = {"rare", "epic"},
        ["Valhalla Warrior Helmet"] = {"rare", "epic"},
        ["Ice King's Mage Armor"] = {"rare", "epic"},
        ["Templar Robes"] = {"epic"},
        ["Desert Fury"] = {"legendary"},
        ["Galactic Dual Blades"] = {"legendary"},
        ["Alien Mage Helmet"] = {"rare", "epic"},
        ["Gildenscale Guardian Helmet"] = {"rare", "epic"},
        ["Overlord's Rageblade"] = {"legendary"},
        ["Akuma Mage Robes"] = {"rare", "epic"},
        ["Akuma Warrior Helmet"] = {"rare", "epic"},
        ["Eldenbark Guardian Armor"] = {"rare", "epic"},
        ["Overlord's Guardian Armor"] = {"rare", "epic"}
    }
}

getgenv().ScriptConfig = getgenv().DefaultConfig

local function MergeTables(Default, Custom)
    for K, V in pairs(Default) do
        if type(V) == "table" then
            if type(Custom[K]) ~= "table" then
                Custom[K] = {}
            end
            MergeTables(V, Custom[K])
        elseif Custom[K] == nil then
            Custom[K] = V
        end
    end
end

local function JSONEncodePretty(Value, Indent)
    Indent = Indent or 0
    local Space = string.rep("  ", Indent)

    if type(Value) == "table" then
        local Parts = {}
        local IsArray = #Value > 0
        for K, V in pairs(Value) do
            if IsArray then
                table.insert(Parts, JSONEncodePretty(V, Indent + 1))
            else
                table.insert(Parts, string.format('%s"%s": %s', string.rep("  ", Indent + 1), tostring(K), JSONEncodePretty(V, Indent + 1)))
            end
        end
        if IsArray then
            return "[\n" .. table.concat(Parts, ",\n") .. "\n" .. Space .. "]"
        else
            return "{\n" .. table.concat(Parts, ",\n") .. "\n" .. Space .. "}"
        end
    elseif type(Value) == "string" then
        return string.format("%q", Value)
    elseif type(Value) == "boolean" or type(Value) == "number" then
        return tostring(Value)
    else
        return "null"
    end
end

function LoadConfiguration()
    local Folder = "SeraphV3"
    local File = "SeraphV3/config.json"

    if not isfolder(Folder) then
        makefolder(Folder)
    end

    if not isfile(File) then
        writefile(File, JSONEncodePretty(getgenv().DefaultConfig))
        getgenv().ScriptConfig = getgenv().DefaultConfig
        return
    end

    local Success, Result = pcall(function()
        return game.HttpService:JSONDecode(readfile(File))
    end)

    if Success and type(Result) == "table" then
        MergeTables(getgenv().DefaultConfig, Result)
        getgenv().ScriptConfig = Result
    else
        getgenv().ScriptConfig = getgenv().DefaultConfig
    end
end

function SaveConfiguration()
    local Folder = "SeraphV3"
    local File = "SeraphV3/config.json"

    if not isfolder(Folder) then
        makefolder(Folder)
    end

    writefile(File, JSONEncodePretty(getgenv().ScriptConfig))
end

LoadConfiguration()

--// Script

repeat task.wait() until game:IsLoaded()

local Workspace = game:GetService("Workspace")
local Players = game:GetService("Players")
local TeleportService = game:GetService("TeleportService")
local ReplicatedStorage = game:GetService("ReplicatedStorage")
local RunService = game:GetService("RunService")
local CoreGui = game:GetService("CoreGui")
local HttpService = game:GetService("HttpService")
local PathFindingService = game:GetService("PathfindingService")
local TweenService = game:GetService("TweenService")
local StarterGui = game:GetService("StarterGui")
local Lighting = game:GetService("Lighting")

if getgenv().SeraphV3 then 
	StarterGui:SetCore("SendNotification", {
        Title = "Seraph V3",
		Text = "Seraph Has Already Been Executed",
		Duration = 5
	})
	return
else
	getgenv().SeraphV3 = true
end

local start = tick()
local started = false
local startlims = false

local function GetPlayerInventory(Player)
    return ReplicatedStorage.remotes.reloadInvy:InvokeServer()
end

function ToLower(str)
    return string.lower(tostring(str))
end

function RemovePlusNumber(str)
    return (str:gsub("%s*%+%d+$", ""))
end

function CheckSell(Name, Rarity)
    for ItemName, RareTable in pairs(getgenv().ScriptConfig.KeepItemList) do
        if string.lower(RemovePlusNumber(Name)) == string.lower(RemovePlusNumber(ItemName)) then
            for _, J in pairs(RareTable) do
                if string.lower(Rarity) == string.lower(J) then
                    return false
                end
            end
            return true
        end
    end
    return true
end

local function Sell()
    if not getgenv().ScriptConfig.AutoSell then return end

    local Inventory
    repeat task.wait(0.05) Inventory = GetPlayerInventory(Players.LocalPlayer) until Inventory

    for FolderName, ItemFolder in pairs(Inventory) do
        if FolderName == "weapons" or FolderName == "chests" or FolderName == "helmets" then
            for Index, Item in pairs(ItemFolder) do
                if not Item.equipped and not Item.favorite then
                    if CheckSell(Item.name, Item.rarity) then
                        local id = tonumber(string.match(Index, "%d+"))
                        local sellData = {["ability"] = {}, ["helmet"] = {}, ["chest"] = {}, ["weapon"] = {}}

                        if FolderName == "weapons" then
                            sellData.weapon = {id}
                        elseif FolderName == "chests" then
                            sellData.chest = {id}
                        elseif FolderName == "helmets" then
                            sellData.helmet = {id}
                        elseif FolderName == "rings" then
                            sellData.ring = {id}
                        end
                        ReplicatedStorage.remotes.sellItemEvent:FireServer(sellData)
                    end
                end
            end
        elseif FolderName == "abilities" then
            for Index, Item in pairs(ItemFolder) do
                if not Item.equipped and not Item.favorite then
                    if CheckSell(Item.name, Item.rarity) then
                        local id = tonumber(string.match(Index, "%d+"))
                        ReplicatedStorage.remotes.sellItemEvent:FireServer({["ability"] = {id}, ["helmet"] = {}, ["chest"] = {}, ["weapon"] = {}})
                    end
                end
            end
        elseif FolderName == "rings" and not getgenv().ScriptConfig.KeepRings then
            for Index, Item in pairs(ItemFolder) do
                if not Item.equipped.left1 and not Item.equipped.right1 and not Item.favorite then
                    if CheckSell(Item.name, Item.rarity) then
                        local id = tonumber(string.match(Index, "%d+"))
                        ReplicatedStorage.remotes.sellItemEvent:FireServer({["ring"] = {id}, ["ability"] = {}, ["helmet"] = {}, ["chest"] = {}, ["weapon"] = {}})
                    end
                end
            end
        end
    end
end

if game.PlaceId == 2414851778 then
    task.spawn(function()
        while task.wait() do
            if started == true then break end
            if tick() - start > 60 then
                TeleportService:Teleport(2414851778)
            end
        end
    end)
    repeat task.wait() until ReplicatedStorage:FindFirstChild("dataRemoteEvent")
    repeat task.wait(0.1) until Players.LocalPlayer.PlayerGui:FindFirstChild("introGui")
    repeat task.wait(0.1) until Players.LocalPlayer.PlayerGui:FindFirstChild("introGui").Enabled == true
    ReplicatedStorage:FindFirstChild("dataRemoteEvent"):FireServer(unpack({{{"\001"},"5"}}))
    task.wait(2)
    ReplicatedStorage.dataRemoteEvent:FireServer(unpack({{{"\001",{["\003"]="select",characterIndex=1}},"\152"}}))
    task.wait(3)

    repeat task.wait(0.1) until ReplicatedStorage.remotes:FindFirstChild("sellItemEvent")

    Sell()

    task.wait(1.5)
    if getgenv().ScriptConfig.AutoCreate then
        if getgenv().ScriptConfig.AutoCreateSettings.Hardcore == true then
            ReplicatedStorage.dataRemoteEvent:FireServer(unpack({{{"\001",{["\003"]="PlaySolo",partyData={difficulty=getgenv().ScriptConfig.AutoCreateSettings.Difficulty,mode="Hardcore",dungeonName=getgenv().ScriptConfig.AutoCreateSettings.DungeonToSelect,tier=getgenv().ScriptConfig.AutoCreateSettings.RaidTier}}},"\175"}}))
            else
            ReplicatedStorage.dataRemoteEvent:FireServer(unpack({{{"\001",{["\003"]="PlaySolo",partyData={difficulty=getgenv().ScriptConfig.AutoCreateSettings.Difficulty,mode="Normal",dungeonName=getgenv().ScriptConfig.AutoCreateSettings.DungeonToSelect,tier=getgenv().ScriptConfig.AutoCreateSettings.RaidTier}}},"\175"}}))
        end
    end
    return
end

repeat task.wait() until ReplicatedStorage:FindFirstChild("dataRemoteEvent")
repeat task.wait() until ReplicatedStorage.remotes:FindFirstChild("sellItemEvent")

Sell()

ReplicatedStorage.remotes.changeStartValue:FireServer()

if getgenv().ScriptConfig.DisableRendering then
    Workspace.CurrentCamera.CameraType = Enum.CameraType.Scriptable
    Workspace.CurrentCamera.CFrame = CFrame.new(
        462.812042, 70.4370575, 947.596741,
        -0.999122322, -0.00787387416, 0.0411408693,
        0, 0.982173562, 0.187976375,
        -0.0418875739, 0.18781139, -0.9813115
    )
    RunService:Set3dRenderingEnabled(false)
end

task.spawn(function()
    task.wait(5)
    startlims = true
end)
started = true

if Workspace:FindFirstChild("GridParts") then Workspace.GridParts:Destroy() end 
local ExtraPartsFolder = Instance.new("Folder")
ExtraPartsFolder.Name = "GridParts" --game:GetService("HttpService"):GenerateGUID(false)
ExtraPartsFolder.Parent = Workspace

repeat task.wait() until Workspace:FindFirstChild("GridParts")

--// Random Shit

local RandomPartName = HttpService:GenerateGUID(false)
local WallTransparency = getgenv().ScriptConfig.MapSettings.WallTransparency
local GridParts = {}
local RayCastWhitelist = {}
local GameAttacks = {}
local LoopEnabled = nil 
local IsFindingPath = false
local isRoom6 = false
local currentRoom = nil

while not Players.LocalPlayer.Character do
    task.wait()
end

Players.LocalPlayer.Character.Humanoid.WalkSpeed = getgenv().ScriptConfig.MovementSettings.PlayerWalkspeed

--// GetMob

local function GetClosestMob()
    local Nearest = nil
    local Distance = math.huge
    local VoidshadeNearest = nil
    local VoidshadeDistance = math.huge

    local Character = Players.LocalPlayer.Character
    if Character and Character:FindFirstChild("HumanoidRootPart") then
        local CurrentPosition = Character.HumanoidRootPart.Position

        for _, Child in next, Workspace.dungeon:GetChildren() do
            if Child:FindFirstChild("enemyFolder") and Child.enemyFolder:FindFirstChildOfClass("Model") then
                for _, Descendant in next, Child.enemyFolder:GetChildren() do
                    if Descendant:IsA("Model") and Descendant:FindFirstChild("HumanoidRootPart") and Descendant:FindFirstChild("Humanoid") then
                        local Magnitude = (CurrentPosition - Descendant.HumanoidRootPart.Position).Magnitude
                        
                        if Descendant.Name == "Voidshade" then
                            if Magnitude < VoidshadeDistance then
                                VoidshadeDistance = Magnitude
                                VoidshadeNearest = Descendant
                                currentRoom = Child.Name
                            end
                        else
                            if Magnitude < Distance then
                                Distance = Magnitude
                                Nearest = Descendant
                                currentRoom = Child.Name
                            end
                        end
                    end
                end
            elseif getgenv().ScriptConfig.AutoCreateSettings.DungeonToSelect == "Abyssal Void" and Child:FindFirstChild("enemyFolder") and Child.Name == "room6" and not Child.enemyFolder:FindFirstChildOfClass("Model") and currentRoom == "room6" then
                isRoom6 = true
            end
        end

        if Nearest then
            return Nearest
        elseif VoidshadeNearest then
            return VoidshadeNearest
        else
            return "Fuhhh no"
        end
    end
end

--// Grid

local Size = 4.2

local ValidLayers = {}
local HitboxSize = 22
local Increment = 0

for Index = 0, HitboxSize, 2.75 do 
    ValidLayers[Index] = Index + Increment 
    Increment += Increment + Index / 4
end

local function GetValidLayer(Delta)
    return math.sign(Delta) * ValidLayers[math.abs(Delta)]
end

for X = -(HitboxSize), HitboxSize, 2.75 do 
    for Z = -(HitboxSize), HitboxSize, 2.75 do
        local ValidX, ValidZ = GetValidLayer(X), GetValidLayer(Z)
        local Part = Instance.new("Part")
        Part.Transparency = 1
        Part.Name = RandomPartName
        Part.CanCollide = false 
        Part.Position = Players.LocalPlayer.Character.HumanoidRootPart.Position + Vector3.new(ValidX, 0, ValidZ)
        Part.Size = Vector3.new(Size, 50, Size)
        Part.Anchored = true
        Part.Parent = Workspace.GridParts
        table.insert(GridParts, {Instance = Part, X = ValidX, Z = ValidZ})
    end
end
table.sort(GridParts, function(t, h)
    return (Players.LocalPlayer.Character.HumanoidRootPart.Position - t.Instance.Position).Magnitude < (Players.LocalPlayer.Character.HumanoidRootPart.Position - h.Instance.Position).Magnitude
end)

--//RayCast

local function RayCast(Start, Target, cframe)
    if cframe == nil then cframe = false end 
    if cframe == true then 
        Start = Start.p
        Target = Target.p 
    end 
    local RayCastParams = RaycastParams.new()
    RayCastParams.FilterType = Enum.RaycastFilterType.Whitelist
    RayCastParams.FilterDescendantsInstances = RayCastWhitelist
    local CastDirection = (Target - Start)
    local RayCastResult = Workspace:Raycast(Start, CastDirection, RayCastParams) 
  
    if RayCastResult then
        return RayCastResult.Instance 
    end
    return false
end

--// Pathfinding
local function MakePath(Pos)
    local PathfindingService = PathFindingService
    local PathInfo = {
        ["AgentHeight"] = 5,
        ["AgentRadius"] = 6,
        ["WaypointSpacing"] = 4,
        ["AgentCanJump"] = true
      }
    local path = PathFindingService:CreatePath(PathInfo)
    path:ComputeAsync(Players.LocalPlayer.Character.HumanoidRootPart.Position, Pos)
    Waypoints = {}
    if path.Status == Enum.PathStatus.Success then
        Waypoints = path:GetWaypoints()
        currentWaypointIndex = 2
        if not Waypoints[currentWaypointIndex] then return end
        Players.LocalPlayer.Character.Humanoid:MoveTo(Waypoints[currentWaypointIndex].Position)
    end 
end 


local function PathTo(Pos)
    if IsFindingPath == true then return end 
    if not RayCast(Players.LocalPlayer.Character.HumanoidRootPart.Position, Pos) then 
        if Players.LocalPlayer.Character 
            and GetClosestMob() ~= nil 
            and Players.LocalPlayer.Character.HumanoidRootPart then 

            local ClosestMob = GetClosestMob()
            local Root = Players.LocalPlayer.Character.HumanoidRootPart
            local LookVector

            LookVector = Vector3.new(
                ClosestMob.HumanoidRootPart.Position.X, 
                Root.Position.Y, 
                ClosestMob.HumanoidRootPart.Position.Z
            )

            Players.LocalPlayer.Character:SetPrimaryPartCFrame(
                CFrame.lookAt(Root.Position, LookVector)
            )
            Players.LocalPlayer.Character.Humanoid:MoveTo(Pos)
        end
    else  
        IsFindingPath = true 
        MakePath(Pos)
        IsFindingPath = false 
    end 
end

local function WaypointConnect(reached)
    if Players.LocalPlayer.Character and Players.LocalPlayer.Character.Humanoid and reached then
        if Waypoints == nil then Waypoints = {} end  if currentWaypointIndex == nil then currentWaypointIndex = 0 end 
        if not Waypoints[currentWaypointIndex] then return end 
        currentWaypointIndex = currentWaypointIndex + 1
        if Waypoints[currentWaypointIndex] then
            Players.LocalPlayer.Character.Humanoid:MoveTo(Waypoints[currentWaypointIndex].Position)
        end
    end
end

local con = Players.LocalPlayer.Character.Humanoid.MoveToFinished:Connect(WaypointConnect)

local PathPart = Instance.new("Part")
PathPart.Material = "Wood"
PathPart.Transparency = 1
PathPart.Size = Vector3.new(Size,12,Size)
PathPart.CFrame = CFrame.new(0,0,0)
PathPart.Name = RandomPartName
PathPart.Anchored = true
PathPart.CanCollide = false
PathPart.Parent = Workspace

task.spawn(function()
    while task.wait(0.1) do
        if Players.LocalPlayer.Character and Players.LocalPlayer.Character:FindFirstChild("Humanoid") then
            Players.LocalPlayer.Character.Humanoid.WalkSpeed = getgenv().ScriptConfig.MovementSettings.PlayerWalkspeed
        end
    end
end)

task.spawn(function()
    if not getgenv().ScriptConfig.MovementSettings.TpLongDistances then
        return
    end

    while task.wait() do
        if not startlims then
            for i = 1, 40 do
                task.wait(0.001)
                Players.LocalPlayer.Character:WaitForChild("HumanoidRootPart").CFrame = CFrame.new(-28, 7, 13)
            end
            break
        end
    end

    repeat task.wait() until startlims
    repeat task.wait() until GetClosestMob() ~=  "Fuhhh no"
    repeat task.wait() until (Players.LocalPlayer.Character:WaitForChild("HumanoidRootPart").Position - GetClosestMob().HumanoidRootPart.Position).Magnitude > 10

    for i = 1, getgenv().ScriptConfig.MovementSettings.TpIterations do
        task.wait(0.001)
        Players.LocalPlayer.Character:WaitForChild("HumanoidRootPart").CFrame = CFrame.new(4, 6.4, -72)
    end

    -- if getgenv().ScriptConfig.CastingSettings.Warrior then
    --     local Loop1 = true

    --     task.spawn(function()
    --         while task.wait(0.01) do
    --             if currentRoom ~= "room1" then
    --                 Loop1 = false
    --                 break
    --             end
    --         end
    --     end)

    --     while task.wait() do
    --         if not Loop1 then
    --             break
    --         end

    --         pcall(function()
    --             if currentRoom == "room1" and GetClosestMob().Name == "Void Familiar" then
    --                 for i = 1, getgenv().ScriptConfig.MovementSettings.TpIterations do
    --                     task.wait(0.001)
    --                     Players.LocalPlayer.Character:WaitForChild("HumanoidRootPart").Position = GetClosestMob().Position + Vector3.new(0, 0, 4.5)
    --                 end
    --             end
    --         end)
    --     end
    -- end

    while task.wait() do
        if currentRoom == "room2" then
            for i = 1, getgenv().ScriptConfig.MovementSettings.TpIterations do
                task.wait(0.001)
                Players.LocalPlayer.Character:WaitForChild("HumanoidRootPart").CFrame = CFrame.new(144, -62.25, 1)
            end
            break
        end
    end

    while task.wait() do
        if currentRoom == "room3" then
            for i = 1, getgenv().ScriptConfig.MovementSettings.TpIterations do
                task.wait(0.001)
                Players.LocalPlayer.Character:WaitForChild("HumanoidRootPart").CFrame = CFrame.new(482, -86, 34)
            end
            break
        end
    end

    while task.wait() do
        if currentRoom == "room4" then
            for i = 1, getgenv().ScriptConfig.MovementSettings.TpIterations do
                task.wait(0.001)
                Players.LocalPlayer.Character:WaitForChild("HumanoidRootPart").CFrame = CFrame.new(579, -139, -18)
            end
            break
        end
    end

    while task.wait() do
        if currentRoom == "room5" then
            for i = 1, getgenv().ScriptConfig.MovementSettings.TpIterations do
                task.wait(0.001)
                Players.LocalPlayer.Character:WaitForChild("HumanoidRootPart").CFrame = CFrame.new(838, -210, 81)
            end
            break
        end
    end

    while task.wait() do
        if currentRoom == "room6" then
            for i = 1, getgenv().ScriptConfig.MovementSettings.TpIterations do
                task.wait(0.001)
                Players.LocalPlayer.Character:WaitForChild("HumanoidRootPart").CFrame = CFrame.new(1067, -307, 107)
            end
            break
        end
    end

    while task.wait() do
        if currentRoom == "room7" then
            for i = 1, getgenv().ScriptConfig.MovementSettings.TpIterations do
                task.wait(0.001)
                Players.LocalPlayer.Character:WaitForChild("HumanoidRootPart").CFrame = CFrame.new(1249, -480, 89)
            end
            break
        end
    end

    while task.wait() do
        if currentRoom == "room8" then
            for i = 1, getgenv().ScriptConfig.MovementSettings.TpIterations do
                task.wait(0.001)
                Players.LocalPlayer.Character:WaitForChild("HumanoidRootPart").CFrame = CFrame.new(1556, -487, 95)
            end
            break
        end
    end
end)

--// DestroyMap | Anti-Lag

function MakeMapWall(cf, sz, cylinder, nm)
    local part = Instance.new("Part")
    part.Size = sz
    part.CFrame = cf
    part.Name = RandomPartName
    part.Anchored = true
    part.Transparency = WallTransparency
    part.CanCollide = true
    part.Parent = workspace
    part.Color = Color3.fromRGB(getgenv().ScriptConfig.MapSettings.WallColor)
    part.Material = Enum.Material.SmoothPlastic
    table.insert(RayCastWhitelist, part)
    if cylinder then
        part.Shape = Enum.PartType.Cylinder
    end
    if nm == "BlahBlah" and getgenv().ScriptConfig.AutoCreateSettings.Dungeon == "Abyssal Void" then
        task.spawn(function()
            while currentRoom ~= "room6" do task.wait(0.05) end
            part:Destroy()
        end)
    end
    return part
end

coroutine.resume(coroutine.create(function()
    for i,v in pairs(Workspace.dungeon:GetDescendants()) do
        if v.Name == "barrier" then 
            v:Destroy()
        end
    end 
end))

coroutine.resume(coroutine.create(function()
    for i,v in pairs(Workspace.dungeon:GetChildren()) do
        if v.Name == "Barriers" then 
            v:Destroy()
        end
    end
end))

local EnemyRange = 0

function HelaRaidMap()
    EnemyRange = 0
    MakeMapWall(CFrame.new(1567.6259765625, 63.77734375, -428.3486633300781, -0.9994816780090332, 0, -0.03219394013285637, 0, 1, 0, 0.03219394013285637, 0, -0.9994816780090332), Vector3.new(18.07538414001465, 105.81400299072266, 5.558215618133545))
    MakeMapWall(CFrame.new(1482.7232666015625, 63.77734375, -479.67742919921875, -0.4359654188156128, 0, 0.8999634385108948, 0, 1, 0, -0.8999634385108948, 0, -0.4359654188156128), Vector3.new(18.07538414001465, 105.81400299072266, 5.558215618133545))
    MakeMapWall(CFrame.new(1654.1488037109375, 63.77734375, -536.518798828125, 0.18809813261032104, -0, -0.9821502566337585, 0, 1, -0, 0.9821502566337585, 0, 0.18809813261032104), Vector3.new(18.07538414001465, 105.81400299072266, 5.558215618133545))
    MakeMapWall(CFrame.new(1630.04052734375, 63.77734375, -455.934814453125, -0.6966030597686768, 0, -0.7174568176269531, 0, 1, 0, 0.7174568176269531, 0, -0.6966030597686768), Vector3.new(18.07538414001465, 105.81400299072266, 5.558215618133545))
    MakeMapWall(CFrame.new(1649.05029296875, 63.77734375, -485.0340270996094, -0.3771120309829712, 0, -0.9261679649353027, 0, 1, 0, 0.9261679649353027, 0, -0.3771120309829712), Vector3.new(18.07538414001465, 105.81400299072266, 5.558215618133545))
    MakeMapWall(CFrame.new(1517.572509765625, 63.77734375, -441.4383544921875, -0.8557641506195068, 0, 0.5173660516738892, 0, 1, 0, -0.5173660516738892, 0, -0.8557641506195068), Vector3.new(18.07538414001465, 105.81400299072266, 5.558215618133545))
    MakeMapWall(CFrame.new(1616.733642578125, 63.77734375, -444.6318359375, -0.8207099437713623, 0, -0.5713452696800232, 0, 1, 0, 0.5713452696800232, 0, -0.8207099437713623), Vector3.new(18.07538414001465, 105.81400299072266, 5.558215618133545))
    MakeMapWall(CFrame.new(1654.0545654296875, 63.77734375, -501.7608947753906, -0.19347941875457764, 0, -0.9811046123504639, 0, 1, 0, 0.9811046123504639, 0, -0.19347941875457764), Vector3.new(18.07538414001465, 105.81400299072266, 5.558215618133545))
    MakeMapWall(CFrame.new(1601.5145263671875, 63.77734375, -436.07562255859375, -0.9146592617034912, 0, -0.40422675013542175, 0, 1, 0, 0.40422675013542175, 0, -0.9146592617034912), Vector3.new(18.07538414001465, 105.81400299072266, 5.558215618133545))
    MakeMapWall(CFrame.new(1617.1385498046875, 63.77734375, -593.8494262695312, 0.8175949454307556, -0, -0.5757938027381897, 0, 1, -0, 0.5757938027381897, 0, 0.8175949454307556), Vector3.new(18.07538414001465, 105.81400299072266, 5.558215618133545))
    MakeMapWall(CFrame.new(1641.2156982421875, 63.77734375, -568.7811889648438, 0.5423558950424194, -0, -0.8401489853858948, 0, 1, -0, 0.8401489853858948, 0, 0.5423558950424194), Vector3.new(18.07538414001465, 105.81400299072266, 5.558215618133545))
    MakeMapWall(CFrame.new(1649.2354736328125, 63.77734375, -553.2726440429688, 0.3720916509628296, -0, -0.9281960129737854, 0, 1, -0, 0.9281960129737854, 0, 0.3720916509628296), Vector3.new(18.07538414001465, 105.81400299072266, 5.558215618133545))
    MakeMapWall(CFrame.new(1655.775146484375, 63.77734375, -519.1353759765625, -0.002683877944946289, 0, -0.9999964237213135, 0, 1, 0, 0.9999964237213135, 0, -0.002683877944946289), Vector3.new(18.07538414001465, 105.81400299072266, 5.558215618133545))
    MakeMapWall(CFrame.new(1503.56591796875, 63.77734375, -451.8616943359375, -0.741350531578064, 0, 0.6711180210113525, 0, 1, 0, -0.6711180210113525, 0, -0.741350531578064), Vector3.new(18.07538414001465, 105.81400299072266, 5.558215618133545))
    MakeMapWall(CFrame.new(1491.805419921875, 63.77734375, -464.76611328125, -0.5996543169021606, 0, 0.8002596497535706, 0, 1, 0, -0.8002596497535706, 0, -0.5996543169021606), Vector3.new(18.07538414001465, 105.81400299072266, 5.558215618133545))
    MakeMapWall(CFrame.new(1477.253173828125, 63.77734375, -495.7627868652344, -0.25623464584350586, 0, 0.9666146039962769, 0, 1, 0, -0.9666146039962769, 0, -0.25623464584350586), Vector3.new(18.07538414001465, 105.81400299072266, 5.558215618133545))
    MakeMapWall(CFrame.new(1477.984619140625, 63.77734375, -491.02410888671875, -0.25623464584350586, 0, 0.9666146039962769, 0, 1, 0, -0.9666146039962769, 0, -0.25623464584350586), Vector3.new(7.681089401245117, 105.81400299072266, 5.558215618133545))
    MakeMapWall(CFrame.new(1640.9464111328125, 63.77734375, -469.5691223144531, -0.5468869209289551, 0, -0.8372064828872681, 0, 1, 0, 0.8372064828872681, 0, -0.5468869209289551), Vector3.new(18.07538414001465, 105.81400299072266, 5.558215618133545))
    MakeMapWall(CFrame.new(1555.4193115234375, 63.77734375, -609.989990234375, 0.9948034882545471, 0, 0.10181377083063126, 0, 1, 0, -0.10181377083063126, 0, 0.9948034882545471), Vector3.new(18.07538414001465, 105.81400299072266, 5.558215618133545))
    MakeMapWall(CFrame.new(1584.9422607421875, 63.77734375, -430.58056640625, -0.9749690294265747, 0, -0.2223421335220337, 0, 1, 0, 0.2223421335220337, 0, -0.9749690294265747), Vector3.new(18.07538414001465, 105.81400299072266, 5.558215618133545))
    MakeMapWall(CFrame.new(1475.24951171875, 63.77734375, -530.6041870117188, 0.08981198072433472, 0, 0.9959587454795837, 0, 1, 0, -0.9959587454795837, 0, 0.08981198072433472), Vector3.new(18.07538414001465, 105.81400299072266, 5.558215618133545))
    MakeMapWall(CFrame.new(1562.5, 17.489990234375, -504.5999755859375, 0, -1, 0, 1, 0, 0, 0, 0, 1), Vector3.new(19.100000381469727, 185, 185), true)
    MakeMapWall(CFrame.new(1533.3106689453125, 63.77734375, -433.8791198730469, -0.9387677907943726, 0, 0.344550758600235, 0, 1, 0, -0.344550758600235, 0, -0.9387677907943726), Vector3.new(18.07538414001465, 105.81400299072266, 5.558215618133545))
    MakeMapWall(CFrame.new(1550.2020263671875, 63.77734375, -429.46185302734375, -0.9872623682022095, 0, 0.15910033881664276, 0, 1, 0, -0.15910033881664276, 0, -0.9872623682022095), Vector3.new(18.07538414001465, 105.81400299072266, 5.558215618133545))
    MakeMapWall(CFrame.new(1601.966064453125, 63.77734375, -602.4879760742188, 0.912433385848999, -0, -0.4092252850532532, 0, 1, -0, 0.4092252850532532, 0, 0.912433385848999), Vector3.new(18.07538414001465, 105.81400299072266, 5.558215618133545))
    MakeMapWall(CFrame.new(1474.7381591796875, 63.77734375, -512.9092407226562, -0.032209157943725586, 0, 0.9994810819625854, 0, 1, 0, -0.9994810819625854, 0, -0.032209157943725586), Vector3.new(18.07538414001465, 105.81400299072266, 5.558215618133545))
    MakeMapWall(CFrame.new(1522.1524658203125, 63.77734375, -599.91796875, 0.8842014670372009, 0, 0.4671057462692261, 0, 1, 0, -0.4671057462692261, 0, 0.8842014670372009), Vector3.new(18.07538414001465, 105.81400299072266, 5.558215618133545))
    MakeMapWall(CFrame.new(1585.4239501953125, 63.77734375, -608.0730590820312, 0.9737569093704224, -0, -0.22759060561656952, 0, 1, -0, 0.22759060561656952, 0, 0.9737569093704224), Vector3.new(18.07538414001465, 105.81400299072266, 5.558215618133545))
